0,500
0,500
0,500
0,500
0,500
0,500
0,500
0,500
0,500
0,500
0,500
0,500
0,500
0,500
0,500
0,500
0,500
0,500
0,500
0,500
0,500
0,500
0,500
0,500
0,500
0,500
0,500
0,500
0,500
0,500
0,500
0,500
0,500
0,500
0,500
0,500
0,500
0,500
0,500
0,500
0,500
0,500
0,500
0,500
0,500
0,500
0,500
0,500
0,500
0,500
0,500
0,500
0,500
0,500
0,500
0,500
0,500
0,500
0,500
0,500
0,500
0,500
0,500
0,500
0,500
0,500
0,500
0,500
0,500
0,500
0,500
0,500
0,500
0,500
0,500
0,500
0,500
0,500
0,500
0,500
0,500
0,500
0,500
0,500
0,500
0,500
0,500
0,500
0,500
0,500
0,500
0,500
0,500
0,500
0,500
0,500
0,500
0,500
0,500
0,500
0,500
0,500
0,500
0,500
0,500
0,500
0,500
0,500
0,500
0,500
0,500
0,500
0,500
0,500
0,500
0,500
0,500
0,500
0,500
0,500
0,500
0,500
0,500
0,500
0,500
0,500
0,500
0,500
0,500
0,500
0,500
0,500
0,500
0,500
0,500
0,500
0,500
0,500
0,500
0,500
0,500
0,500
0,500
0,500
0,500
0,500
0,500
0,500
0,500
0,500
0,500
0,500
0,500
0,500
0,500
0,500
0,500
0,500
0,500
0,500
0,500
0,500
0,500
0,500
0,500
0,500
0,500
0,500
0,500
0,500
0,500
0,500
0,500
0,500
0,500
0,500
0,500
0,500
0,500
0,500
0,500
0,500
0,500
0,500
0,500
0,500
0,500
0,500
0,500
0,500
0,500
0,500
0,500
0,500
0,500
0,500
0,500
0,500
0,500
0,500
0,500
0,500
0,500
0,500
0,500
0,500
0,500
0,500
0,500
0,500
0,500
0,500
0,500
0,500
0,500
0,500
0,500
0,500
0,500
0,500
0,500
0,500
0,500
0,500
0,500
0,500
0,500
0,500
0,500
0,500
0,500
0,500
0,500
0,500
0,500
0,500
0,500
0,500
0,500
0,500
0,500
0,500
0,500
0,500
0,500
0,500
0,500
0,500
0,500
0,500
0,500
0,500
0,500
1000,342
1000,342
1000,342
1050,342
1050,342
1050,342
1100,342
1100,342
1100,342
1100,342
1150,342
1150,342
1150,342
1206,343
1206,343
1256,343
1256,343
1256,343
1306,343
1306,343
1306,343
1306,343
1356,343
1356,343
1356,343
1417,343
1417,343
1417,343
1467,343
1467,343
1467,343
1467,343
1517,343
1517,343
1517,343
1574,343
1574,343
1624,343
1624,343
1624,343
1674,343
1674,343
1674,343
1674,343
1724,343
1724,343
1724,343
1779,343
1779,343
1779,343
1832,343
1832,343
1832,343
1832,343
1885,343
1885,343
1885,343
1943,343
1943,343
1943,343
1943,343
1943,343
1993,343
1993,343
2068,343
2068,343
2068,343
2118,343
2118,343
2118,343
2118,343
2168,343
2168,343
2168,343
2168,343
2240,343
2240,343
2240,343
2290,343
2290,343
2290,343
2290,343
2343,344
2343,344
2343,344
2412,343
2412,343
2412,343
2467,344
2467,344
2467,344
2518,343
2518,343
2518,343
2568,344
2568,344
2568,344
2568,344
2618,344
2618,344
2618,344
2679,343
2679,343
2679,343
2679,343
2729,344
2729,344
2729,344
2789,344
2789,344
2839,344
2839,344
2839,344
2839,344
2889,344
2889,344
2889,344
2946,344
2946,344
2946,344
2999,344
2999,344
2999,344
2999,344
3049,344
3049,344
3049,344
3104,344
3104,344
3104,344
3154,344
3154,344
3204,344
3204,344
3204,344
3254,345
3254,345
3254,345
3254,345
3304,346
3304,346
3304,346
3304,346
3362,355
3362,355
3362,355
3425,367
3425,367
3425,367
3475,360
3475,360
3475,360
3475,360
3525,355
3525,355
3525,355
3586,356
3586,356
3636,369
3636,369
3636,369
3636,369
3686,394
3686,394
3686,394
3743,412
3743,412
3743,412
3793,418
3793,418
3793,418
3843,413
3843,413
3843,413
3843,413
3843,413
3843,413
3843,413
3843,413
3843,413
3843,413
3843,413
3843,413
3843,413
3843,413
3843,413
3843,413
3843,413
3843,413
3843,413
3843,413
3843,413
3843,413
3843,413
3843,413
3843,413
3843,413
3843,413
3843,413
3843,413
3843,413
3843,413
3843,413
3843,413
3843,413
3843,413
3843,413
3843,413
3843,413
3843,413
3843,413
3843,413
3843,413
3843,413
3843,413
3843,413
3843,413
3843,413
3843,413
3843,413
3843,413
3843,413
3843,413
3843,413
3843,413
3843,413
3843,413
3843,413
3843,413
3843,413
3843,413
4843,412
4843,412
4843,412
4843,412
4843,412
4843,412
4843,412
4843,412
4843,412
4843,412
4843,412
4843,412
4843,412
4843,412
4843,412
4843,412
4843,412
4843,412
4843,412
4843,412
4843,412
4843,412
4843,412
4843,412
4843,412
4843,412
4843,412
4843,412
4843,412
4843,412
4843,412
4843,412
4843,412
4843,412
4843,412
5420,346
5420,346
5420,346
5470,346
5470,346
5470,346
5520,346
5520,346
5570,346
5570,346
5570,346
5570,346
5620,346
5620,346
5620,346
5670,346
5670,346
5670,346
5720,346
5720,346
5720,346
5770,346
5770,346
5770,346
5820,346
5820,346
5820,346
5870,346
5870,346
5870,346
5920,347
5920,347
5970,347
5970,347
5970,347
5970,347
6020,349
6020,349
6020,349
6070,357
6070,357
6070,357
6120,369
6120,369
6120,369
6170,393
6170,393
6170,393
6220,398
6220,398
6220,398
6220,398
6270,398
6270,398
6320,398
6320,388
6320,388
6370,366
6370,366
6370,366
6420,353
6420,353
6420,353
6470,347
6470,347
6470,347
6520,347
6520,347
6520,347
6571,346
6571,346
6571,346
6621,346
6621,346
6621,346
6671,346
6671,346
6671,346
6721,346
6721,346
6721,346
6771,346
6771,346
6771,346
6821,347
6821,347
6821,347
6871,347
6871,347
6871,347
6921,353
6921,353
6921,353
6971,366
6971,366
6971,366
7021,381
7021,381
7021,381
7021,381
7071,406
7071,406
7121,411
7121,411
7121,411
7171,411
7171,411
7171,411
7221,412
7221,412
7221,412
7271,413
7271,413
7271,413
7271,413
7321,413
7321,413
7371,413
7371,413
7371,413
7421,413
7421,413
7421,413
7421,413
7471,413
7471,413
7521,399
7521,399
7521,399
7571,367
7571,367
7571,367
7621,354
7621,354
7621,354
7671,347
7671,347
7671,347
7721,346
7721,346
7721,346
7721,346
7771,346
7771,346
7771,346
7821,346
7821,346
7821,346
7871,348
7871,348
7921,365
7921,365
7921,365
7971,400
7971,400
7971,400
8022,403
8022,403
8022,403
8072,398
8072,398
8072,398
8072,398
8122,377
8122,377
8122,377
8172,355
8172,355
8172,355
8222,347
8222,347
8222,347
8272,347
8272,347
8322,348
8322,348
8322,348
8372,363
8372,363
8372,363
8422,393
8422,393
8422,393
8472,386
8472,386
8472,386
8472,386
8522,363
8522,363
8522,363
8572,347
8572,347
8572,347
8622,347
8622,347
8672,346
8672,346
8672,346
8722,347
8722,347
8722,347
8772,349
8772,349
8772,349
8822,380
8822,380
8822,380
8872,414
8872,414
8872,414
8922,421
8922,421
8922,421
8922,421
8972,418
8972,418
8972,418
9022,405
9022,405
9072,384
9072,384
9072,384
9122,361
9122,361
9122,361
9172,347
9172,347
9172,347
9222,347
9222,347
9222,347
9272,347
9272,347
9272,347
9322,347
9322,347
9322,347
9322,347
9372,347
9372,347
9372,347
9422,347
9422,347
9472,352
9472,352
9472,352
9522,402
9522,402
9522,402
9572,411
9572,411
9572,411
9622,413
9622,413
9622,413
9622,413
9672,410
9672,410
9672,410
9722,366
9722,366
9722,366
9772,349
9772,349
9772,349
9822,347
9822,347
9872,347
9872,347
9872,347
9922,346
9922,346
9922,346
9922,346
9922,346
9972,346
10022,347
10022,347
10022,347
10022,347
10074,347
10074,347
10074,347
10124,369
10124,369
10124,369
10174,414
10174,414
10174,414
10224,375
10224,375
10274,366
10274,366
10274,366
10324,348
10324,348
10324,348
10374,347
10374,347
10374,347
10374,347
10424,347
10424,347
10424,347
10474,346
10474,346
10474,346
10524,346
10524,346
10524,346
10574,347
10574,347
10574,347
10624,366
10624,366
10674,400
10674,400
10674,400
10724,412
10724,412
10724,412
10774,406
10774,406
10774,406
10774,406
10824,389
10824,389
10824,389
10874,387
10874,387
10874,387
10924,390
10924,390
10924,390
10924,390
10974,394
10974,394
11024,400
11024,400
11074,402
11074,402
11074,402
11124,403
11124,403
11124,403
11124,403
11174,405
11174,405
11174,405
11224,407
11224,407
11224,407
11274,407
11274,407
11274,407
11324,408
11324,408
11324,408
11374,410
11374,410
11424,411
11424,411
11424,411
11474,412
11474,412
11474,412
11524,413
11524,413
11524,413
11524,413
11574,414
11574,414
11574,414
11624,414
11624,414
11624,414
11674,414
11674,414
11674,414
11724,413
11724,413
11724,413
11774,414
11774,414
11824,413
11824,413
11824,413
11874,413
11874,413
11874,413
11924,413
11924,413
11924,413
11924,413
11974,413
11974,413
11974,413
12024,413
12024,413
12024,413
12075,412
12075,412
12075,412
12125,411
12125,411
12125,411
12175,411
12175,411
12175,411
12225,412
12225,412
12225,412
12275,411
12275,411
12275,411
12325,406
12325,406
12325,406
12375,396
12375,396
12375,396
12425,381
12425,381
12425,381
12475,376
12475,376
12475,376
12525,369
12525,369
12525,369
12575,369
12575,369
12575,369
12625,369
12625,369
12625,369
12675,370
12675,370
12675,370
12725,369
12725,369
12725,369
12775,371
12775,371
12775,371
12825,378
12825,378
12825,378
12875,384
12875,384
12875,384
12925,413
12925,413
12925,413
12975,420
12975,420
12975,420
13025,419
13025,419
13025,419
13075,412
13075,412
13075,412
13125,406
13125,406
13125,406
13175,401
13175,401
13175,401
13225,396
13225,396
13225,396
13275,388
13275,388
13275,388
13325,382
13325,382
13325,382
13375,381
13375,381
13425,378
13425,378
13425,378
13425,378
13475,371
13475,371
13475,371
13526,370
13526,370
13526,370
13576,370
13576,370
13576,370
13626,370
13626,370
13626,370
13626,370
13676,374
13676,374
13676,374
13726,380
13726,380
13726,380
13776,385
13776,385
13826,396
13826,396
13826,396
13876,404
13876,404
13876,404
13926,410
13926,410
13926,410
13976,412
13976,412
13976,412
13976,412
14026,411
14026,411
14076,409
14076,409
14076,409
14126,401
14126,401
14126,401
14176,395
14176,395
14176,395
14226,382
14226,382
14226,382
14276,378
14276,378
14276,378
14276,378
14326,373
14326,373
14376,374
14376,374
14376,374
14376,374
14426,373
14426,373
14426,373
14476,373
14476,373
14526,376
14526,376
14526,376
14576,379
14576,379
14576,379
14626,381
14626,381
14626,381
14676,393
14676,393
14676,393
14726,418
14726,418
14726,418
14776,420
14776,420
14776,420
14826,422
14826,422
14826,422
14876,420
14876,420
14876,420
14926,396
14926,396
14926,396
14976,382
14976,382
14976,382
15026,380
15026,380
15026,380
15076,380
15076,380
15076,380
15126,381
15126,381
15126,381
15176,383
15176,383
15176,383
15226,397
15226,397
15226,397
15276,422
15276,422
15276,422
15326,422
15326,431
15326,431
15376,428
15376,428
15376,428
15426,401
15426,401
15426,401
15476,385
15476,385
15476,385
15526,381
15526,381
15526,381
15576,377
15576,377
15576,377
15626,378
15626,378
15626,378
15626,378
15676,383
15676,383
15676,383
15726,395
15726,395
15776,418
15776,418
15776,418
15826,427
15826,427
15826,427
15876,413
15876,413
15876,413
15926,393
15926,393
15926,393
15976,383
15976,383
15976,383
16026,381
16026,381
16026,381
16026,381
16076,381
16076,381
16126,382
16126,382
16126,382
16176,385
16176,385
16176,385
16226,402
16226,402
16226,402
16276,414
16276,414
16276,414
16326,407
16326,407
16326,407
16376,395
16376,395
16376,395
16427,384
16427,384
16427,384
16427,384
16477,378
16477,378
16527,378
16527,378
16527,378
16577,376
16577,376
16577,376
16627,366
16627,366
16627,366
16677,358
16677,358
16677,358
16727,348
16727,348
16727,348
16777,346
16777,346
16777,346
16777,346
16827,346
16827,346
16827,346
16877,346
16877,346
16927,346
16927,346
16927,346
16977,346
16977,346
16977,346
17027,346
17027,346
17027,346
17077,346
17077,346
17077,346
17127,346
17127,346
17127,346
17177,346
17177,346
17177,346
17177,346
17227,346
17227,346
17227,346
17277,346
17277,346
17327,346
17327,346
17327,346
17377,346
17377,346
17377,346
17427,346
17427,346
17427,346
17477,346
17477,346
17477,346
17527,346
17527,346
17527,346
17527,346
17577,346
17577,346
17577,346
17627,356
17627,356
17627,356
17677,372
17677,372
17727,374
17727,374
17727,374
17777,382
17777,382
17777,382
17827,415
17827,415
17827,415
17878,424
17878,424
17878,424
17878,424
17928,428
17928,428
17928,428
17978,428
17978,428
17978,428
18028,427
18028,427
18078,427
18078,427
18078,427
18128,423
18128,423
18128,423
18178,391
18178,391
18178,391
18228,377
18228,377
18228,377
18228,377
18278,377
18278,377
18278,377
18328,366
18328,366
18328,366
18378,363
18378,363
18378,363
18428,355
18428,355
18478,355
18478,346
18478,346
18478,346
18528,347
18528,347
18578,347
18578,347
18578,347
18628,360
18628,360
18628,360
18678,365
18678,365
18678,365
18678,365
18728,366
18728,366
18728,366
18778,365
18778,365
18778,365
18828,360
18828,360
18878,350
18878,350
18878,350
18928,347
18928,347
18928,347
18978,346
18978,346
18978,346
19028,345
19028,345
19028,345
19078,345
19078,345
19078,345
19078,345
19128,344
19128,344
19128,344
19178,344
19178,344
19178,344
19228,344
19228,344
19278,344
19278,344
19278,344
19328,343
19328,343
19328,343
19378,343
19378,343
19378,343
19428,343
19428,343
19428,343
19428,343
19478,343
19478,343
19478,343
19528,343
19528,343
19528,343
19578,343
19578,343
19578,343
19628,343
19628,343
19678,343
19678,343
19678,343
19728,343
19728,343
19728,343
19778,343
19778,343
19778,343
19778,343
19828,343
19828,343
19828,343
19878,343
19878,343
19878,343
19928,343
19928,343
19928,343
19978,343
19978,343
19978,343
20028,343
20028,343
20078,343
20078,343
20078,343
20128,343
20128,343
20128,343
20178,343
20178,343
20178,343
20178,343
20228,343
20228,343
20228,343
20278,343
20278,343
20278,343
20328,343
20328,343
20328,343
20378,343
20378,343
20428,343
20428,343
20428,343
20478,343
20478,343
20478,343
20528,343
20528,343
20528,343
20578,343
20578,343
20578,343
20578,343
20628,343
20628,343
20628,343
20678,343
20678,343
20678,343
20728,343
20728,343
20728,343
20779,342
20779,342
20829,342
20829,342
20829,342
20879,342
20879,342
20879,342
20879,342
20929,342
20929,342
20929,342
20979,342
20979,342
20979,342
21029,342
21029,342
